Label,Total/Target,Jaccard,Dice,VolumeSimilarity,FalseNegative,FalsePositive
All,0.868467749859832,0.809489688166713,0.894716000273921,-0.0604472657005982,0.131532250140168,0.0773996659625682
1,0.845343680709534,0.812899786780384,0.896795060276389,-0.121728903263746,0.154656319290466,0.0450845335003131
2,0.913666772857598,0.869661899226765,0.9302878767401,-0.0363832950398703,0.086333227142402,0.052475083971147
3,0.716550600088902,0.667402704940657,0.800529713623572,-0.234398278430723,0.283449399911098,0.0931933245827864
4,0.616883116883117,0.575757575757576,0.730769230769231,-0.369230769230769,0.383116883116883,0.10377358490566
5,0.848360655737705,0.784090909090909,0.878980891719745,-0.0721868365180467,0.151639344262295,0.0881057268722467
6,0.856016597510373,0.761254612546125,0.864445841190027,-0.0196941127173685,0.143983402489627,0.126957257723233
7,0.796899224806202,0.676761026991442,0.807224185316058,-0.0259128386336867,0.203100775193798,0.182179793158313
9,0.960824742268041,0.916077697168266,0.956200991767838,0.00962454503261109,0.0391752577319588,0.0483784703651481
10,0.833922261484099,0.823016564952049,0.902917264466762,-0.165471066475371,0.166077738515901,0.0156412930135558
11,0.694409937888199,0.66626936829559,0.799713876967096,-0.303290414878398,0.305590062111801,0.0573355817875211
12,0.836104513064133,0.783964365256125,0.878901373283396,-0.102372034956305,0.163895486935867,0.0736842105263158
14,0.753861997940268,0.642669007901668,0.782469267771245,-0.0758952431854623,0.246138002059732,0.186666666666667
15,0.923162246647172,0.844790993817477,0.915866346538615,0.0158063225290116,0.0768377533528285,0.0913151364764268
16,0.867680608365019,0.746239372138653,0.854681647940075,0.0299625468164794,0.132319391634981,0.157933579335793
17,0.517530487804878,0.455399061032864,0.625806451612903,-0.418433179723502,0.482469512195122,0.208624708624709
18,0.41244019138756,0.365068609181772,0.534872176718789,-0.593695706130553,0.58755980861244,0.239322273208613
19,0.730769230769231,0.622950819672131,0.767676767676768,-0.101010101010101,0.269230769230769,0.191489361702128
20,0.789772727272727,0.668269230769231,0.801152737752161,-0.0288184438040346,0.210227272727273,0.187134502923977
26,0.732217573221757,0.631768953068592,0.774336283185841,-0.115044247787611,0.267782426778243,0.178403755868545
27,0.943340691685063,0.81656050955414,0.899018232819074,0.093969144460028,0.0566593083149375,0.141326188881447
28,0.739185750636132,0.577534791252485,0.732199117832388,0.0189035916824197,0.260814249363868,0.274656679151061
29,0.930983363531543,0.824627954479136,0.903886134655365,0.0582120582120582,0.0690166364684566,0.121678321678322
30,0.75,0.7,0.823529411764706,-0.196078431372549,0.25,0.0869565217391304
31,0.656716417910448,0.577049180327869,0.731808731808732,-0.228690228690229,0.343283582089552,0.173708920187793
51,0.842625899280576,0.769926047658176,0.870009285051068,-0.0649953574744661,0.157374100719424,0.100767754318618
52,0.927507337874508,0.891752302859273,0.94277913816882,-0.0329308452250274,0.0724926621254915,0.0414377289377289
53,0.797800754964714,0.731968077096823,0.845244305338202,-0.118935837245696,0.202199245035286,0.101312627102977
54,0.780645161290323,0.720238095238095,0.837370242214533,-0.145328719723183,0.219354838709677,0.0970149253731343
55,0.805921052631579,0.775316455696203,0.873440285204991,-0.167557932263815,0.194078947368421,0.0466926070038911
56,0.847570532915361,0.805886736214605,0.892510831442129,-0.106044976273984,0.15242946708464,0.057516339869281
57,0.760964912280702,0.695855614973262,0.820654316121403,-0.156878202601498,0.239035087719298,0.109495295124038
59,0.95796178343949,0.920917526258773,0.958830885417944,-0.00181448152416448,0.0420382165605096,0.0402984342021303
60,0.826460481099656,0.808403361344538,0.894052044609665,-0.163568773234201,0.173539518900344,0.0263157894736842
61,0.749640287769784,0.728671328671329,0.843042071197411,-0.249190938511327,0.250359712230216,0.0369685767097967
62,0.843137254901961,0.789259007477906,0.882218844984802,-0.0927051671732523,0.156862745098039,0.0749003984063745
64,0.729838709677419,0.677268475210477,0.807585052983826,-0.213050752928054,0.270161290322581,0.0961298377028714
65,0.938536953242836,0.887027797576622,0.940132200188857,-0.00339943342776204,0.0614630467571644,0.0582671206961786
66,0.849304482225657,0.753772290809328,0.859601095033242,-0.0242471646460696,0.150695517774343,0.129849564528899
67,0.755836575875486,0.713498622589532,0.832797427652733,-0.203644158628081,0.244163424124514,0.0727923627684964
68,0.424288840262582,0.37504835589942,0.545505697003798,-0.571388380925587,0.575711159737418,0.236313509255612
69,0.823255813953488,0.746835443037975,0.855072463768116,-0.0772946859903382,0.176744186046512,0.110552763819095
70,0.533980582524272,0.509259259259259,0.674846625766871,-0.52760736196319,0.466019417475728,0.0833333333333333
76,0.750915750915751,0.69023569023569,0.816733067729084,-0.175298804780877,0.249084249084249,0.104803493449782
77,0.927235534774985,0.886560491757474,0.939869668246446,-0.0272511848341232,0.0727644652250146,0.0471471471471471
78,0.848297213622291,0.74546553808948,0.85417388292345,-0.0138552130239002,0.151702786377709,0.13986745727241
79,0.942968243681141,0.893624861810588,0.943824597820446,-0.00181629475869227,0.0570317563188594,0.0553174912349046
80,0.784090909090909,0.758241758241758,0.8625,-0.2,0.215909090909091,0.0416666666666667
81,0.754385964912281,0.685258964143426,0.813238770685579,-0.156028368794326,0.245614035087719,0.117948717948718
