Label,Total/Target,Jaccard,Dice,VolumeSimilarity,FalseNegative,FalsePositive
All,0.869629552561457,0.809277657348488,0.894586471083152,-0.0573966660819774,0.130370447438543,0.0789818431137285
1,0.802106430155211,0.771321961620469,0.870899789346976,-0.171531748420102,0.197893569844789,0.0473996050032916
2,0.910109376659233,0.867064596084779,0.92879978325657,-0.0410728799783257,0.0898906233407667,0.0517260455853065
3,0.773299748110831,0.717684268426843,0.835641661996637,-0.161236089984789,0.226700251889169,0.0910832462556601
4,0.649350649350649,0.597014925373134,0.747663551401869,-0.302803738317757,0.350649350649351,0.118942731277533
5,0.868852459016393,0.785185185185185,0.879668049792531,-0.024896265560166,0.131147540983607,0.109243697478992
6,0.877178423236515,0.780649926144756,0.876814599751141,0.000829531314807134,0.122821576763485,0.123548922056385
7,0.822480620155039,0.718348002708192,0.836091410559496,-0.033096926713948,0.177519379844961,0.149839743589744
9,0.958271968581247,0.919107260570675,0.957848765886452,0.000883262181657589,0.0417280314187531,0.0425740631744163
10,0.837455830388693,0.827225130890052,0.905444126074499,-0.162368672397326,0.162544169611307,0.0145530145530146
11,0.688198757763975,0.656398104265403,0.792560801144492,-0.303290414878398,0.311801242236025,0.0657672849915683
12,0.833729216152019,0.777121771217712,0.874584717607974,-0.0980066445182724,0.166270783847981,0.0803493449781659
14,0.713697219361483,0.624887285843102,0.769145394006659,-0.155382907880133,0.286302780638517,0.166064981949458
15,0.914994453967934,0.836159233321047,0.910769848439225,0.00923416641573823,0.0850055460320661,0.0934159256668998
16,0.872243346007605,0.753613666228647,0.85949793930311,0.0292244286249532,0.127756653992395,0.15288035450517
17,0.588414634146341,0.507560815253123,0.673353685128652,-0.288704753597907,0.411585365853659,0.213047910295617
18,0.41799043062201,0.373780592161561,0.544163448361779,-0.603712470412358,0.58200956937799,0.220556745182013
19,0.769230769230769,0.645161290322581,0.784313725490196,-0.0392156862745098,0.230769230769231,0.2
20,0.642045454545455,0.52073732718894,0.684848484848485,-0.133333333333333,0.357954545454545,0.266233766233766
26,0.707112970711297,0.619047619047619,0.764705882352941,-0.16289592760181,0.292887029288703,0.167487684729064
27,0.962472406181015,0.841157556270096,0.913726859937129,0.101292350681104,0.0375275938189845,0.13031914893617
28,0.758693808312129,0.578964401294498,0.73334699733552,0.0668169706907153,0.241306191687871,0.290360967869893
29,0.920935595453797,0.812763483064399,0.896712109061748,0.0526062550120289,0.0790644045462033,0.126269729645257
30,0.738095238095238,0.681318681318681,0.810457516339869,-0.196078431372549,0.261904761904762,0.101449275362319
31,0.686567164179104,0.619528619528619,0.765072765072765,-0.228690228690229,0.313432835820896,0.136150234741784
51,0.768884892086331,0.717884130982368,0.835777126099707,-0.173998044965787,0.231115107913669,0.0845824411134904
52,0.921803178822617,0.88353946600138,0.938169315747943,-0.0355089617855935,0.0781968211773827,0.0448728983760831
53,0.797308386673232,0.724101952600984,0.839975793204807,-0.107028615890032,0.202691613326768,0.112531969309463
54,0.770967741935484,0.713432835820896,0.832752613240418,-0.160278745644599,0.229032258064516,0.0946969696969697
55,0.799342105263158,0.761755485893417,0.864768683274021,-0.163701067615658,0.200657894736842,0.0581395348837209
56,0.85423197492163,0.808005930318755,0.893808938089381,-0.0926609266092661,0.14576802507837,0.0627687016337059
57,0.780701754385965,0.709163346613546,0.82983682983683,-0.125874125874126,0.219298245614035,0.114427860696517
59,0.957569818716316,0.917903437910953,0.957194632187286,0.000783622294054266,0.0424301812836845,0.0431802604523646
60,0.784364261168385,0.771114864864865,0.870767763471626,-0.220314735336195,0.215635738831615,0.0214362272240086
61,0.717985611510791,0.700842696629214,0.82411230388109,-0.295623451692816,0.282014388489209,0.0329457364341085
62,0.840958605664488,0.791524265208476,0.883632201449828,-0.101487981686379,0.159041394335512,0.0691318327974277
64,0.748991935483871,0.681651376146789,0.810692853246045,-0.164757228587016,0.251008064516129,0.116527942925089
65,0.942401960784314,0.884611981240598,0.938773593764673,0.0077002535449338,0.0575980392156863,0.0648269410664172
66,0.843894899536321,0.763636363636364,0.865979381443299,-0.0523394131641554,0.156105100463679,0.110749185667752
67,0.74124513618677,0.702304147465438,0.825121819166215,-0.226312939902545,0.25875486381323,0.0695970695970696
68,0.426695842450766,0.377687391051714,0.548291859974694,-0.569942359060874,0.573304157549234,0.233189146677153
69,0.823255813953488,0.734439834024896,0.84688995215311,-0.0574162679425837,0.176744186046512,0.12807881773399
70,0.533980582524272,0.502283105022831,0.668693009118541,-0.504559270516717,0.466019417475728,0.105691056910569
76,0.688644688644689,0.641638225255973,0.781704781704782,-0.27027027027027,0.311355311355311,0.0961538461538462
77,0.928988895382817,0.886008918617614,0.939559627604551,-0.0227574996305601,0.0710111046171829,0.049626307922272
78,0.853457172342621,0.73424089967446,0.846757679180887,0.0156996587030717,0.146542827657379,0.159837453437183
79,0.953337653920933,0.891299079011149,0.942525789709746,0.0226821298135452,0.0466623460790668,0.0680435884439939
80,0.806818181818182,0.763440860215054,0.865853658536585,-0.146341463414634,0.193181818181818,0.0657894736842105
81,0.710526315789474,0.65587044534413,0.792176039119804,-0.229828850855746,0.289473684210526,0.104972375690608
